200500080001020000000000000070008000003000020000070600600200001040000700000300000
004036000100000500000000000062000000000050700000800200000002004700000030050700000
000870600200000000000100000060054000000000021400000000070000050000200300500001000
000100038200005000000000000050000400400030000000700006001000050000060200060004000
010050300000800000070000000020400700600280000300000100900000020000001000000000080
200500070060030000000000000000040501004008000050000020100700000003000400000200000
010050300000200000080000000020400800700620000300000100500000020000001000000000060
010050300000600000080000000060400800700260000300000100900000020000001000000000060
010600420000800000000050000005000030700400000000001000200030700000000504040000000
200100600004000500000000000030040000800000009000050700050700010000800030007000000
